%YAML:1.0

camera:
  intrinsics:
    fx: 420.506712
    fy: 420.610940
    cx: 355.208298
    cy: 250.336787

  distort:
    k1: -1.6774e-06
    k2: 2.5847e-12

# 参考world_aixs.png，世界坐标系的原点以及每个黑白格的尺寸
cube: !!opencv-matrix
  rows: 8
  cols: 3
  dt: d
  data: [0.12, 0.08, 0.0,
         0.20, 0.08, 0.0,
         0.20, 0.16, 0.0,
         0.12, 0.16, 0.0,
         0.12, 0.08, -0.08,
         0.20, 0.08, -0.08,
         0.20, 0.16, -0.08,
         0.12, 0.16, -0.08]
