%YAML:1.0

camera:
  intrinsics:
    fx: 420.506712
    fy: 420.610940
    cx: 355.208298
    cy: 250.336787

  distort:
    k1: -1.6774e-06
    k2: 2.5847e-12

# 参考world_aixs.png，世界坐标系的原点以及每个黑白格的尺寸
corners: !!opencv-matrix
  rows: 12
  cols: 3
  dt: d
  data: [   0,    8,      0,
         10.4,    8,      0,
            0, 21.5,      0,
         10.4, 21.5,      0,
            0, 26.6, -10.95,
         10.4, 26.6, -10.95,
            0, 26.6, -24.45,
         10.4, 26.6, -24.45,
         19.4, 14.6, -10.95,
         19.4, 14.6, -24.45,
         19.4,   25, -10.95,
         19.4,   25, -24.45]